0 0.346722 0.692176 0.0532517 0.14742 0.642549
0 0.0950761 0.835379 0.190152 0.232499 0.577016
0 0.543683 0.832143 0.144885 0.334639 0.542732
0 0.513727 0.762651 0.0651774 0.184735 0.253327
0 0.148689 0.76738 0.297173 0.31977 0.164344
1 0.507591 0.664102 0.193986 0.039799 0.159943
1 0.156899 0.7124 0.313027 0.0439035 0.138626
2 0.199217 0.76404 0.398434 0.319834 0.13818
0 0.239876 0.644951 0.157676 0.126335 0.133857
0 0.823807 0.702549 0.352386 0.195578 0.110429
1 0.549871 0.661789 0.0942259 0.0284393 0.105014
