4 0.40259 0.777204 0.10096 0.0480201 0.723637
0 0.717075 0.747262 0.154278 0.190872 0.638648
4 0.0944677 0.844329 0.186348 0.0648956 0.582202
4 0.560191 0.645844 0.0512023 0.026427 0.568941
2 0.703549 0.759981 0.329813 0.203157 0.43629
4 0.420061 0.650887 0.131399 0.0431342 0.4146
4 0.0708674 0.698295 0.0554515 0.0345504 0.382098
4 0.565101 0.623638 0.0289222 0.0183838 0.279118
2 0.633114 0.759862 0.187932 0.193734 0.172733
4 0.217079 0.786049 0.129056 0.0558964 0.155457
0 0.587829 0.758678 0.0972139 0.19425 0.133089
4 0.44374 0.719216 0.0646847 0.0308131 0.113111
4 0.234133 0.77021 0.105345 0.0765404 0.102253
