0 0.1628 0.916441 0.0507923 0.086697 0.524311
0 0.457935 0.829837 0.0809371 0.318264 0.448748
0 0.104832 0.964364 0.039273 0.0607984 0.410993
2 0.392608 0.6102 0.0391495 0.0906905 0.400754
0 0.438727 0.772773 0.042234 0.201351 0.332316
0 0.485411 0.9299 0.0272385 0.121477 0.326819
0 0.19206 0.850917 0.104551 0.209568 0.203565
0 0.147369 0.672761 0.0225503 0.028367 0.201453
1 0.307481 0.660094 0.32548 0.0285299 0.191115
0 0.277821 0.721161 0.0149439 0.0216569 0.189313
4 0.100341 0.714219 0.0214562 0.0181922 0.188536
0 0.3986 0.685447 0.00992392 0.0345494 0.178366
0 0.254859 0.683466 0.022186 0.0299862 0.14107
0 0.176367 0.884465 0.0776681 0.152104 0.12793
0 0.421804 0.692473 0.0121584 0.052357 0.112084
0 0.3948 0.613074 0.033895 0.0858218 0.109897
