0 0.406481 0.942296 0.0228928 0.107079 0.648722
0 0.459982 0.931528 0.0227682 0.131124 0.580228
0 0.205913 0.751385 0.0820877 0.133221 0.54844
0 0.227126 0.913326 0.0629987 0.16656 0.545182
0 0.440075 0.769681 0.0172393 0.0666285 0.509868
0 0.421502 0.843809 0.0155504 0.0764503 0.460178
0 0.384211 0.712351 0.0310365 0.0653061 0.444059
0 0.390844 0.64966 0.0186643 0.0362598 0.326423
0 0.501888 0.677644 0.029635 0.0419702 0.306714
0 0.334882 0.712413 0.0118837 0.0297535 0.2122
0 0.256389 0.84055 0.123117 0.308833 0.173703
1 0.393812 0.673311 0.183293 0.0252178 0.166484
0 0.39557 0.703816 0.0205423 0.0473791 0.138321
0 0.0721716 0.889916 0.140165 0.186911 0.113321
1 0.390602 0.679279 0.154788 0.0208406 0.105143
0 0.225459 0.625511 0.0411132 0.0454173 0.104705
