2 0.707506 0.732089 0.581429 0.534124 0.837012
4 0.7555 0.779408 0.09939 0.0775843 0.567625
3 0.708347 0.72456 0.583232 0.547059 0.345396
2 0.206071 0.686856 0.293518 0.254136 0.280536
4 0.206147 0.66641 0.165194 0.160904 0.270866
4 0.858977 0.885442 0.132822 0.103038 0.187555
4 0.195814 0.678326 0.109195 0.124319 0.140707
0 0.336773 0.789893 0.087494 0.216354 0.137256
4 0.18606 0.707968 0.0752768 0.070776 0.12936
2 0.213369 0.660385 0.224086 0.17671 0.112554
4 0.19231 0.641306 0.0593404 0.0422889 0.1056
