0 0.443568 0.651124 0.0143816 0.0356457 0.488102
1 0.274273 0.763936 0.545082 0.0724702 0.434398
0 0.592772 0.927918 0.034106 0.0591531 0.428659
0 0.495501 0.727147 0.0152989 0.0342349 0.398699
0 0.543519 0.827866 0.0169853 0.0306465 0.334345
0 0.45552 0.762923 0.008619 0.0279757 0.317039
0 0.603894 0.945686 0.0568062 0.0992661 0.252932
0 0.457279 0.711215 0.0101073 0.0282615 0.187091
0 0.470082 0.67157 0.0102142 0.0241997 0.144943
0 0.431597 0.730539 0.0102433 0.0203028 0.138672
0 0.466422 0.6426 0.0174608 0.0476453 0.128477
