0 0.557759 0.935646 0.0379661 0.118734 0.486358
2 0.477037 0.743743 0.0767344 0.191954 0.377577
0 0.300868 0.905971 0.0559805 0.164884 0.274166
2 0.20031 0.71907 0.152729 0.103834 0.265663
0 0.387462 0.928384 0.0720722 0.122023 0.223894
0 0.0326493 0.904057 0.0649123 0.111241 0.20846
0 0.296424 0.93704 0.0482672 0.100322 0.174737
0 0.0692032 0.863916 0.138406 0.1368 0.17025
0 0.447173 0.801079 0.0207598 0.115615 0.162875
0 0.405565 0.905046 0.0384386 0.081217 0.133775
0 0.0120853 0.964479 0.0241707 0.0650237 0.130597
1 0.403111 0.766516 0.0818425 0.0279228 0.118677
2 0.492152 0.599192 0.0306977 0.0698535 0.116114
0 0.334772 0.803553 0.0812217 0.14659 0.106129
0 0.121347 0.815652 0.0414282 0.0401441 0.10305
