3 0.508839 0.229749 0.273138 0.163679 0.92686
2 0.334301 0.606069 0.292935 0.196324 0.852784
1 0.251518 0.222098 0.250035 0.0436234 0.753801
4 0.451744 0.541359 0.032422 0.0645528 0.724073
4 0.214748 0.616594 0.038275 0.0633279 0.718833
1 0.675199 0.795507 0.649603 0.15746 0.709752
0 0.0813663 0.160035 0.0884245 0.0886422 0.70107
0 0.528243 0.432295 0.0202364 0.16094 0.685774
4 0.52227 0.324108 0.0245568 0.03644 0.668256
0 0.0548908 0.0722728 0.0511294 0.0668615 0.663239
1 0.589982 0.347796 0.116351 0.0242384 0.639661
1 0.256739 0.495561 0.513479 0.0441051 0.55114
0 0.358691 0.0992642 0.012076 0.0587918 0.381958
