1 0.600433 0.556169 0.797721 0.185418 0.758648
0 0.401957 0.272747 0.0721575 0.460505 0.64713
0 0.807548 0.521467 0.0677856 0.345145 0.534402
2 0.412376 0.0217754 0.0793438 0.0435014 0.518957
0 0.819749 0.304061 0.0585869 0.422433 0.461415
0 0.553182 0.253648 0.0372287 0.213791 0.324846
0 0.821644 0.432272 0.0420505 0.166966 0.261033
0 0.974677 0.235704 0.0487456 0.471408 0.183883
0 0.803881 0.274265 0.0957486 0.54853 0.133433
1 0.428203 0.531171 0.452995 0.12481 0.129434
0 0.974579 0.822702 0.0505486 0.354595 0.119625
