0 0.110121 0.949415 0.0646157 0.0982213 0.75073
0 0.305846 0.809024 0.197707 0.370574 0.590155
0 0.0793536 0.856581 0.158631 0.20242 0.586339
0 0.42618 0.73649 0.0272235 0.126267 0.515835
0 0.42682 0.918545 0.022213 0.158643 0.353894
0 0.41996 0.63462 0.0207027 0.0736908 0.340075
0 0.395072 0.749052 0.0224415 0.100715 0.281212
0 0.403541 0.743546 0.0400144 0.111689 0.2729
0 0.234445 0.92533 0.0476542 0.136297 0.267978
0 0.398699 0.806309 0.0225209 0.100589 0.254425
0 0.451584 0.909416 0.0135418 0.0823683 0.226936
0 0.414251 0.654975 0.00954152 0.0306206 0.221087
0 0.397257 0.775328 0.0263434 0.166245 0.218045
0 0.424586 0.836545 0.0369302 0.320426 0.15973
