0 0.437343 0.680425 0.0228138 0.0529707 0.651464
0 0.393836 0.66168 0.0197139 0.0402026 0.609168
0 0.455059 0.761318 0.025296 0.073594 0.598719
0 0.31101 0.584144 0.0337563 0.0395078 0.57472
0 0.389252 0.748696 0.0101837 0.0369485 0.567078
0 0.495038 0.840949 0.0337159 0.0888714 0.500125
0 0.387055 0.588931 0.0140014 0.024057 0.421396
0 0.400911 0.979819 0.0104807 0.0358073 0.363201
0 0.555718 0.878749 0.0281791 0.0767728 0.316598
0 0.359536 0.613848 0.0102308 0.0179177 0.213815
0 0.381132 0.546561 0.0129957 0.0295443 0.203115
0 0.591061 0.943787 0.0256862 0.095327 0.143713
1 0.316574 0.728151 0.119613 0.0237439 0.124654
