3 0.720808 0.753732 0.0880779 0.0372952 0.694845
2 0.601641 0.801251 0.795998 0.355019 0.322926
3 0.880618 0.869579 0.238764 0.226071 0.296412
2 0.25895 0.681479 0.178602 0.0778437 0.24813
3 0.620459 0.844585 0.193341 0.269968 0.211625
3 0.280822 0.654117 0.0795611 0.0305777 0.20527
3 0.302004 0.622099 0.06853 0.0279435 0.170517
3 0.457101 0.437413 0.126907 0.0387937 0.163272
3 0.627012 0.803965 0.745976 0.351433 0.120658
2 0.764242 0.814738 0.471515 0.336769 0.118675
3 0.582115 0.687147 0.833277 0.127573 0.111772
2 0.583911 0.697854 0.829882 0.150105 0.104953
3 0.0148397 0.586219 0.0295944 0.0401319 0.102188
