0 0.070845 0.877608 0.14169 0.216429 0.811273
0 0.272416 0.743508 0.164134 0.391589 0.773124
0 0.448963 0.818781 0.0303297 0.110248 0.748847
0 0.193512 0.80524 0.122683 0.208207 0.742145
0 0.273991 0.946406 0.0253817 0.104663 0.728176
0 0.151601 0.954236 0.0712279 0.0874738 0.714538
0 0.487933 0.920308 0.0275186 0.153273 0.71174
0 0.410488 0.921114 0.0469862 0.14792 0.659676
0 0.326815 0.835445 0.0354997 0.123207 0.648693
0 0.334592 0.748448 0.0317169 0.0616556 0.587537
0 0.374348 0.704753 0.018349 0.0656128 0.573349
0 0.42751 0.678967 0.0817824 0.184865 0.566716
0 0.353805 0.649871 0.0167071 0.0486902 0.480373
0 0.372926 0.618311 0.0120424 0.0331826 0.131375
0 0.395869 0.595631 0.0315943 0.0583062 0.124135
0 0.371252 0.573816 0.0101569 0.03605 0.11275
0 0.346916 0.579871 0.0206061 0.0795699 0.101128
