0 0.062982 0.911142 0.0247635 0.173394 0.688309
0 0.177891 0.664341 0.0918478 0.0592651 0.687077
0 0.306796 0.951646 0.0164808 0.0888996 0.52229
0 0.0922066 0.762377 0.134244 0.102163 0.382036
0 0.0935904 0.804303 0.0431735 0.0428313 0.365648
0 0.292342 0.632866 0.0186126 0.0271246 0.3082
0 0.23081 0.668589 0.0774451 0.0579697 0.304654
0 0.335798 0.787404 0.0206975 0.0449025 0.286955
0 0.212684 0.680892 0.116963 0.0818231 0.284848
0 0.289896 0.883873 0.0117309 0.0352351 0.242263
0 0.34031 0.61097 0.0155 0.0223506 0.233928
0 0.173472 0.758368 0.104945 0.0591607 0.204874
1 0.092073 0.805576 0.0438257 0.0435399 0.191347
1 0.0487304 0.823209 0.0974608 0.0244387 0.165051
1 0.172466 0.761239 0.105982 0.0640042 0.158407
0 0.153578 0.720439 0.0894879 0.0578094 0.127842
0 0.351627 0.561313 0.0190484 0.022106 0.127494
0 0.298957 0.588591 0.0320864 0.0210254 0.113335
0 0.250625 0.708378 0.0729595 0.0753913 0.107513
