4 0.442645 0.972742 0.0403898 0.0469184 0.743684
2 0.497015 0.914063 0.136417 0.163204 0.520824
0 0.294792 0.981295 0.0531379 0.0365989 0.516935
0 0.315301 0.9435 0.0225358 0.0609153 0.410636
1 0.295306 0.98068 0.0539967 0.0367498 0.391719
0 0.358987 0.696933 0.0367247 0.123736 0.321905
0 0.19868 0.775885 0.0933932 0.201512 0.318747
0 0.241573 0.850975 0.0319301 0.0414462 0.283581
0 0.316145 0.640062 0.0189284 0.0773313 0.220535
0 0.240829 0.613101 0.015841 0.0824852 0.202003
1 0.075394 0.902826 0.150357 0.0346303 0.190109
0 0.465849 0.748872 0.0551053 0.135968 0.189784
0 0.548923 0.945258 0.0447617 0.0974503 0.173936
0 0.446188 0.70469 0.0181495 0.056052 0.17014
0 0.289048 0.834229 0.0204864 0.0739985 0.166609
0 0.31318 0.657107 0.0202656 0.0934991 0.114776
2 0.181822 0.630815 0.0474523 0.104055 0.107333
0 0.298651 0.681267 0.00975896 0.0353884 0.103373
2 0.325215 0.62013 0.0451046 0.107054 0.100249
