1 0.685349 0.502192 0.345781 0.0753503 0.697901
2 0.868299 0.391939 0.263401 0.257871 0.516799
3 0.221237 0.419767 0.442383 0.456139 0.350179
3 0.859911 0.566784 0.279641 0.552193 0.336728
3 0.579323 0.720089 0.494674 0.493779 0.269853
1 0.344117 0.516749 0.164604 0.0454887 0.253064
1 0.678318 0.338323 0.0920502 0.0199213 0.212417
1 0.331806 0.660196 0.135266 0.0344322 0.196324
3 0.633224 0.219487 0.0473048 0.0476798 0.145068
1 0.248076 0.660355 0.303633 0.0532514 0.143947
2 0.860992 0.504806 0.277792 0.481291 0.12035
