2 0.494222 0.675053 0.46153 0.12016 0.648716
3 0.0793832 0.712142 0.044306 0.0163013 0.608838
2 0.851425 0.89383 0.295604 0.212341 0.599816
3 0.835664 0.734358 0.0946575 0.0326573 0.596686
3 0.566938 0.622743 0.0620552 0.0633828 0.381145
4 0.860497 0.931468 0.0614306 0.0561132 0.311989
2 0.372102 0.653273 0.208424 0.126607 0.160762
4 0.856181 0.918488 0.0478603 0.0272525 0.155513
3 0.778097 0.860052 0.146986 0.158599 0.152828
2 0.601721 0.691905 0.254285 0.088196 0.119782
4 0.88676 0.958351 0.111813 0.0820312 0.11099
4 0.848502 0.907631 0.0657409 0.0532306 0.106556
