0 0.432106 0.430165 0.129823 0.054392 0.768438
0 0.3202 0.226199 0.0924173 0.452398 0.76136
0 0.284391 0.648781 0.148945 0.380676 0.681921
0 0.685806 0.712415 0.131191 0.187989 0.550452
0 0.791815 0.91096 0.0651504 0.17716 0.432247
0 0.515114 0.480197 0.0424026 0.0677708 0.407539
0 0.620534 0.901396 0.198224 0.197016 0.342698
0 0.300448 0.519287 0.115194 0.124192 0.311617
0 0.714275 0.902685 0.383417 0.19463 0.24188
0 0.57768 0.647739 0.074481 0.205791 0.234005
0 0.0945757 0.856019 0.189151 0.269674 0.19644
0 0.823906 0.91055 0.129983 0.178402 0.149369
