0 0.561168 0.813727 0.196685 0.13138 0.800377
1 0.819683 0.94825 0.360634 0.100787 0.730413
0 0.378491 0.227209 0.10952 0.0789927 0.629052
1 0.214627 0.53407 0.250236 0.0659102 0.411164
0 0.214929 0.534658 0.249096 0.065864 0.368083
0 0.513606 0.245511 0.159219 0.0502107 0.338713
0 0.382243 0.515068 0.119058 0.488185 0.302133
0 0.394343 0.672231 0.15519 0.176915 0.22083
0 0.359425 0.56764 0.081687 0.379128 0.160332
1 0.513047 0.24528 0.160827 0.0483465 0.150863
0 0.398236 0.715012 0.143272 0.0900415 0.126369
