0 0.201951 0.695288 0.070696 0.0875263 0.742586
2 0.17895 0.923306 0.143235 0.151299 0.505779
0 0.197898 0.857389 0.0242024 0.0450043 0.460781
0 0.192514 0.654584 0.094989 0.0713862 0.452581
0 0.228829 0.903448 0.0436639 0.0862255 0.375114
0 0.102804 0.719753 0.0583668 0.0470542 0.259949
2 0.152974 0.959052 0.0874926 0.0805045 0.236186
1 0.192691 0.80277 0.385382 0.0378248 0.225143
0 0.224639 0.639238 0.028077 0.0309147 0.198421
0 0.185799 0.667988 0.0828959 0.0463568 0.174554
0 0.091525 0.726325 0.0345206 0.0333359 0.151885
0 0.171745 0.672402 0.0560692 0.0367148 0.129883
