0 0.0667452 0.854045 0.13349 0.177771 0.67724
0 0.180466 0.909095 0.101512 0.17682 0.5858
1 0.373414 0.700475 0.080568 0.0384664 0.398196
1 0.392929 0.785143 0.0551187 0.0166653 0.33854
0 0.136496 0.93872 0.066121 0.115443 0.338385
1 0.0615961 0.95876 0.123192 0.0336785 0.325059
1 0.366216 0.587953 0.0604566 0.0190328 0.313516
0 0.266711 0.868958 0.0586427 0.198064 0.309194
0 0.18403 0.716639 0.0697499 0.0755968 0.257457
1 0.315135 0.657998 0.189439 0.0310829 0.255351
1 0.149571 0.780428 0.137904 0.0517155 0.179467
1 0.346703 0.706801 0.134475 0.0456692 0.168766
1 0.20332 0.789774 0.138856 0.0637808 0.167324
1 0.223538 0.797083 0.0876704 0.0511617 0.143785
1 0.259041 0.718774 0.117533 0.0188397 0.124892
0 0.212339 0.848373 0.0434973 0.0653262 0.117679
0 0.282008 0.819923 0.0294057 0.0971364 0.113657
0 0.299645 0.741266 0.0452877 0.0518738 0.11118
1 0.365323 0.659177 0.0831479 0.0241188 0.106925
1 0.248556 0.724072 0.132506 0.0222969 0.101315
