0 0.476968 0.745513 0.0806506 0.207895 0.7383
0 0.241017 0.720666 0.0540309 0.0705941 0.634137
0 0.43397 0.835961 0.0559599 0.0568094 0.627296
0 0.219273 0.846486 0.18545 0.299411 0.548008
0 0.241795 0.647822 0.0520368 0.0606105 0.438441
0 0.159854 0.707138 0.107098 0.0972579 0.429227
0 0.548532 0.937194 0.0262656 0.11963 0.425902
0 0.400478 0.641239 0.0197322 0.214464 0.358866
0 0.398039 0.595651 0.0176733 0.122266 0.306847
2 0.335582 0.607179 0.0602829 0.142537 0.234113
1 0.360006 0.661524 0.0723521 0.0171364 0.228213
0 0.403356 0.707928 0.0160239 0.0782554 0.197156
0 0.0534693 0.815858 0.10681 0.12348 0.187695
0 0.33133 0.627508 0.0462793 0.112906 0.128952
0 0.222996 0.625936 0.0398865 0.0381119 0.124041
0 0.234388 0.617676 0.0588933 0.0519426 0.107846
0 0.265265 0.807418 0.0980997 0.20289 0.10762
