0 0.677965 0.817547 0.212134 0.36303 0.556362
1 0.868321 0.830328 0.236096 0.0377731 0.504796
0 0.345004 0.88323 0.137223 0.233343 0.481716
1 0.331352 0.754762 0.575955 0.0452343 0.387209
0 0.43623 0.843805 0.0258617 0.046122 0.366506
0 0.377795 0.825386 0.173015 0.348015 0.245082
0 0.439337 0.699087 0.053439 0.099716 0.232896
0 0.393382 0.967863 0.0589036 0.0642748 0.168166
1 0.91009 0.639513 0.179162 0.0300012 0.163586
1 0.807469 0.83312 0.364911 0.0585165 0.154088
0 0.450701 0.680681 0.0812469 0.129252 0.121469
0 0.730456 0.930305 0.108371 0.139391 0.106283
1 0.512496 0.631237 0.301033 0.0248188 0.103447
