0 0.546093 0.789823 0.0736458 0.182203 0.706643
0 0.313872 0.87576 0.0478721 0.237814 0.587376
0 0.48923 0.92394 0.0269198 0.145656 0.555757
0 0.428098 0.856038 0.0283791 0.287924 0.519542
0 0.205159 0.936385 0.0509586 0.112169 0.267165
2 0.0753412 0.835715 0.150682 0.204041 0.244943
0 0.642286 0.971523 0.0285222 0.0499394 0.233558
0 0.481108 0.61202 0.0127316 0.0483921 0.20711
0 0.0725325 0.849362 0.14501 0.211929 0.203729
0 0.487896 0.790789 0.054591 0.128597 0.12666
0 0.633606 0.958609 0.0458121 0.0737875 0.111128
