0 0.287327 0.925083 0.0649012 0.122616 0.82599
0 0.1827 0.887845 0.119114 0.217523 0.802557
0 0.280245 0.846028 0.0523115 0.0767889 0.793054
0 0.477989 0.868416 0.0403531 0.257444 0.749431
0 0.407465 0.849959 0.0374858 0.287688 0.725128
0 0.336533 0.753226 0.0389966 0.122042 0.703142
0 0.431916 0.698223 0.019317 0.0826368 0.595508
0 0.331662 0.605637 0.0300769 0.0562485 0.578479
1 0.216244 0.739745 0.0704322 0.0313634 0.53068
0 0.0901254 0.755998 0.117117 0.098816 0.399724
0 0.369511 0.574644 0.0233791 0.0278709 0.368216
0 0.377204 0.610088 0.0338369 0.0473866 0.355796
0 0.220047 0.814095 0.0442879 0.0704373 0.343918
0 0.512349 0.736123 0.0495892 0.0833218 0.342651
0 0.159122 0.931624 0.0713159 0.130907 0.336692
0 0.373241 0.675514 0.0592487 0.0552609 0.285826
0 0.308479 0.5872 0.077306 0.0683203 0.25721
1 0.281421 0.672953 0.131889 0.0337713 0.245395
0 0.280578 0.638928 0.0492321 0.0300672 0.215649
1 0.389091 0.637571 0.0759727 0.0206299 0.213384
0 0.108456 0.737306 0.0751955 0.0597843 0.206442
1 0.37411 0.680562 0.0610102 0.0518347 0.200824
1 0.390113 0.692588 0.091737 0.0741482 0.180863
0 0.18873 0.721738 0.0670215 0.074591 0.173611
0 0.414551 0.605405 0.0149201 0.0385194 0.167547
0 0.425888 0.602788 0.0214144 0.0478452 0.156763
0 0.165469 0.744425 0.0214008 0.0301812 0.149583
0 0.318926 0.577451 0.0522426 0.0463797 0.146194
0 0.245279 0.98207 0.0104302 0.0253342 0.123097
0 0.173234 0.734842 0.0369032 0.0482644 0.118561
0 0.247594 0.657142 0.0503178 0.0427919 0.116418
1 0.373175 0.636535 0.0634489 0.0272104 0.11558
1 0.329955 0.701166 0.0538323 0.0365058 0.114278
0 0.435691 0.677396 0.0177639 0.0620987 0.107682
0 0.190147 0.70744 0.0512633 0.0442141 0.105463
0 0.268785 0.628326 0.0315086 0.0302169 0.100909
