0 0.233107 0.739635 0.183252 0.22887 0.714218
0 0.0762555 0.92775 0.0645154 0.0894572 0.694564
0 0.582206 0.79867 0.117014 0.210025 0.591078
0 0.844332 0.663738 0.0846364 0.0521932 0.555158
0 0.621588 0.672978 0.0834583 0.100217 0.454386
0 0.188342 0.795291 0.272982 0.336337 0.44658
0 0.720099 0.787834 0.165088 0.0703302 0.191634
0 0.691135 0.72347 0.218768 0.195121 0.162671
1 0.704284 0.787554 0.197026 0.0688286 0.150347
0 0.879969 0.747788 0.239156 0.138328 0.150291
2 0.668834 0.73157 0.266697 0.215199 0.115151
1 0.259147 0.787183 0.108148 0.0241543 0.108017
0 0.608094 0.840835 0.0693869 0.145362 0.100692
