2 0.254735 0.559363 0.509471 0.57979 0.666709
1 0.441697 0.650074 0.160611 0.0445077 0.643731
1 0.502272 0.505795 0.280081 0.0422837 0.594036
2 0.843511 0.605587 0.312765 0.671152 0.443149
3 0.229036 0.418948 0.458069 0.39448 0.425633
1 0.5639 0.495128 0.405639 0.0674536 0.250994
0 0.395253 0.350092 0.0941488 0.133734 0.210154
1 0.799535 0.786356 0.303249 0.129989 0.199694
1 0.257744 0.767338 0.134558 0.0472609 0.181353
1 0.739144 0.814293 0.207915 0.0704031 0.156544
1 0.952646 0.586514 0.0945837 0.0441235 0.122021
