0 0.320743 0.634899 0.0199528 0.0255549 0.470675
0 0.434715 0.605333 0.013088 0.0305082 0.458578
0 0.405701 0.79075 0.0124347 0.0726969 0.45567
0 0.382865 0.610478 0.0321867 0.1211 0.382638
0 0.416308 0.563256 0.0140343 0.0673124 0.381475
0 0.220896 0.775742 0.0391747 0.0562575 0.366805
0 0.424536 0.701429 0.0332214 0.178432 0.359041
0 0.380792 0.637317 0.0304228 0.0652631 0.307838
0 0.202185 0.650957 0.0251682 0.0302062 0.289272
0 0.230384 0.761905 0.0538703 0.0835363 0.26905
0 0.449976 0.898258 0.0231618 0.199075 0.267639
0 0.432303 0.747373 0.0232512 0.0838623 0.213499
0 0.390987 0.593244 0.0179904 0.0817001 0.201375
0 0.454489 0.8046 0.00988994 0.048762 0.19857
0 0.420824 0.648245 0.0239522 0.0695648 0.185567
0 0.243053 0.617798 0.0362158 0.0288055 0.168395
0 0.394219 0.582636 0.0120421 0.059928 0.166144
