0 0.147514 0.791394 0.22909 0.307301 0.911133
0 0.380289 0.791004 0.0363106 0.412791 0.624134
0 0.32493 0.657628 0.0546415 0.18424 0.508901
0 0.317536 0.745258 0.102707 0.333698 0.45685
0 0.246656 0.80515 0.0418936 0.0924651 0.383905
0 0.381284 0.582164 0.0201747 0.0606474 0.257117
0 0.292713 0.580634 0.0117501 0.0319614 0.214183
0 0.323688 0.570947 0.0381957 0.105707 0.202137
0 0.342665 0.764687 0.0176205 0.0796143 0.186191
0 0.376646 0.577411 0.0300551 0.0759021 0.173999
0 0.316191 0.593367 0.0230939 0.0698524 0.137332
0 0.206456 0.850251 0.12161 0.169035 0.137196
0 0.286371 0.610693 0.0361566 0.0880277 0.134089
0 0.179833 0.89463 0.0702675 0.0960912 0.12217
0 0.335654 0.535501 0.0153316 0.0369718 0.106573
0 0.344644 0.599031 0.0154161 0.0593042 0.105
