0 0.458052 0.751582 0.0339494 0.118327 0.824175
0 0.526912 0.877288 0.0721669 0.161504 0.667555
0 0.226436 0.762183 0.106831 0.160875 0.663304
0 0.416935 0.699833 0.0211803 0.0251783 0.459393
0 0.368404 0.629443 0.0335421 0.0488018 0.434609
0 0.0977537 0.808822 0.195343 0.216272 0.430031
0 0.301942 0.649053 0.0286018 0.0415867 0.362815
0 0.430972 0.651324 0.0103557 0.0284269 0.310196
0 0.438176 0.982934 0.0196482 0.0313986 0.303358
0 0.347869 0.581863 0.0140425 0.0219318 0.260811
0 0.404522 0.5861 0.0130601 0.0261481 0.158162
0 0.331083 0.677979 0.0143685 0.0173318 0.120855
0 0.0621257 0.859297 0.124251 0.169852 0.111446
0 0.424934 0.607372 0.0115131 0.0280581 0.109242
0 0.407867 0.586841 0.013244 0.0290732 0.103903
