2 0.47571 0.813766 0.140099 0.294829 0.768054
0 0.108054 0.970757 0.0325525 0.0548553 0.612277
0 0.176975 0.896498 0.0363366 0.0844905 0.545886
1 0.318405 0.962396 0.315826 0.0451922 0.275684
0 0.426954 0.700077 0.0173502 0.0720718 0.263677
1 0.291121 0.955231 0.262754 0.0239579 0.245435
1 0.0823242 0.932383 0.164648 0.0307151 0.166523
1 0.0610664 0.937204 0.121411 0.0266654 0.142923
1 0.230454 0.956308 0.382962 0.0418249 0.13562
0 0.155028 0.974775 0.015824 0.0351315 0.112875
2 0.141309 0.950768 0.108198 0.0896764 0.108407
