0 0.54478 0.959051 0.0374304 0.0760951 0.427053
0 0.0867849 0.911185 0.114443 0.149716 0.335284
0 0.136706 0.842517 0.205675 0.282804 0.316352
0 0.211989 0.792606 0.06984 0.119364 0.234631
0 0.283006 0.668042 0.0478076 0.0773515 0.224339
0 0.034494 0.767746 0.0676115 0.0686525 0.162965
0 0.223251 0.713847 0.0490352 0.0446975 0.158108
0 0.188703 0.772942 0.0883419 0.132401 0.157051
1 0.589169 0.970589 0.0620282 0.0225274 0.144755
2 0.298547 0.601781 0.059443 0.0768291 0.139889
0 0.256103 0.58894 0.0242469 0.028044 0.115965
2 0.297305 0.627132 0.0687868 0.137675 0.113005
