0 0.339946 0.939551 0.0156862 0.0911383 0.346852
2 0.448924 0.818725 0.126709 0.311172 0.330902
0 0.522861 0.753249 0.0958056 0.182719 0.306716
0 0.329337 0.763262 0.0238435 0.0625458 0.28965
0 0.260615 0.684745 0.0678769 0.0691063 0.2866
0 0.404156 0.644682 0.0167727 0.103445 0.211328
0 0.44532 0.602312 0.0213199 0.102837 0.199013
0 0.492822 0.696896 0.0395513 0.0831822 0.185017
1 0.296196 0.881385 0.168063 0.0393868 0.180165
0 0.366238 0.652781 0.0337774 0.0516894 0.176778
0 0.217759 0.820071 0.0380882 0.0409796 0.175411
0 0.544597 0.803639 0.062241 0.0938517 0.166843
0 0.354073 0.859181 0.0528971 0.0672202 0.148266
0 0.447626 0.629826 0.0222352 0.0645372 0.138403
0 0.442221 0.584225 0.0141685 0.0624428 0.119844
1 0.272482 0.886942 0.115701 0.0257404 0.106752
0 0.346949 0.584533 0.0176633 0.0232262 0.100016
