0 0.193732 0.843885 0.207365 0.30185 0.776123
0 0.15832 0.738314 0.313404 0.259493 0.677925
0 0.428102 0.863872 0.0585979 0.264205 0.614075
0 0.418371 0.660637 0.0390464 0.0789724 0.362894
0 0.474616 0.861039 0.0346202 0.276414 0.329713
0 0.324493 0.69052 0.0154396 0.0332781 0.274742
0 0.474164 0.663856 0.0250454 0.105204 0.274274
0 0.359739 0.617254 0.0826348 0.101388 0.207619
0 0.240162 0.779795 0.110487 0.1584 0.186177
1 0.391646 0.778895 0.157391 0.0396496 0.185522
0 0.313966 0.766094 0.0143429 0.0260108 0.17102
0 0.332217 0.65429 0.0307458 0.0561716 0.166853
0 0.426345 0.674591 0.0541818 0.103037 0.117204
0 0.4544 0.805615 0.081374 0.375855 0.105075
0 0.470288 0.747843 0.0280886 0.0907958 0.102187
