0 0.421521 0.253851 0.120259 0.085924 0.589128
0 0.316849 0.765189 0.139957 0.0736287 0.585744
0 0.260947 0.591488 0.274204 0.0726138 0.584697
0 0.407488 0.577692 0.0582151 0.307952 0.446952
0 0.771908 0.923213 0.450366 0.153574 0.417501
0 0.471897 0.801264 0.16265 0.111623 0.379748
0 0.67002 0.921571 0.24712 0.15591 0.321416
1 0.772561 0.921752 0.450266 0.156496 0.185671
1 0.531215 0.257253 0.343191 0.0881887 0.133625
1 0.0544502 0.502497 0.108177 0.0451398 0.131441
1 0.319337 0.763366 0.14058 0.0742409 0.122365
0 0.583204 0.266961 0.201135 0.0659364 0.117332
