0 0.425237 0.828124 0.0230815 0.165182 0.665221
0 0.211777 0.95223 0.0372623 0.0839369 0.662676
0 0.190695 0.920156 0.0744412 0.151403 0.637728
0 0.504267 0.89869 0.0532967 0.1985 0.635082
0 0.286746 0.672637 0.0608218 0.0649431 0.309314
0 0.435189 0.6099 0.0256483 0.107321 0.231975
0 0.215611 0.771859 0.0185545 0.0502309 0.162393
0 0.176037 0.806897 0.0472659 0.0560091 0.149143
0 0.292168 0.765703 0.0416149 0.0945025 0.147111
1 0.155885 0.847822 0.159887 0.0463966 0.144256
1 0.229346 0.802564 0.0586603 0.0152108 0.143041
2 0.450395 0.658497 0.0509069 0.171527 0.131481
0 0.398541 0.543649 0.0183426 0.0413797 0.124747
0 0.235867 0.760845 0.0576421 0.0732452 0.12227
0 0.449444 0.653595 0.0495413 0.178747 0.121215
2 0.325749 0.600708 0.0931646 0.0895394 0.120755
2 0.121356 0.788201 0.232861 0.169934 0.101803
