0 0.275113 0.695924 0.0408953 0.0659562 0.752327
0 0.161312 0.851697 0.0329364 0.0596092 0.685405
0 0.378666 0.89468 0.013285 0.131122 0.652718
0 0.412719 0.730103 0.0174975 0.174289 0.579779
0 0.448938 0.720733 0.0476212 0.187475 0.530117
4 0.450729 0.946315 0.0311317 0.0500635 0.296164
0 0.105315 0.9281 0.0484607 0.0747272 0.25351
1 0.253358 0.819586 0.506716 0.0354706 0.225964
0 0.488039 0.89665 0.0183859 0.0668257 0.198505
0 0.4136 0.593967 0.0151785 0.0539298 0.171936
0 0.399999 0.543584 0.00916116 0.0226449 0.14605
1 0.190297 0.813186 0.378696 0.0255108 0.139128
0 0.417806 0.599061 0.0229738 0.0689683 0.128164
0 0.411907 0.67047 0.0188114 0.0504231 0.116674
0 0.414189 0.764178 0.0146808 0.10568 0.102731
