0 0.386731 0.812698 0.0263629 0.129322 0.750036
0 0.429497 0.551958 0.0130474 0.0287107 0.397692
0 0.185004 0.928862 0.0652525 0.124973 0.356517
0 0.236188 0.830579 0.162965 0.311271 0.333885
0 0.454277 0.717715 0.0304234 0.0811361 0.333765
0 0.422392 0.675151 0.0217521 0.0919385 0.329777
0 0.37743 0.576139 0.054109 0.0774117 0.293427
0 0.490171 0.798988 0.0238339 0.0863333 0.271289
0 0.359632 0.813943 0.0501496 0.360649 0.221558
1 0.407091 0.621883 0.130485 0.0209689 0.1814
0 0.491092 0.779591 0.0221613 0.0508515 0.175079
0 0.438983 0.693566 0.0561026 0.122146 0.165556
1 0.409974 0.620657 0.12455 0.0116543 0.136225
0 0.413042 0.635722 0.0170715 0.0201793 0.126692
