0 0.365785 0.851706 0.0545324 0.186183 0.791313
1 0.25063 0.764239 0.496014 0.0676609 0.510724
0 0.528761 0.848497 0.0910183 0.223537 0.391003
0 0.555329 0.897526 0.0374552 0.126728 0.377285
1 0.336472 0.940243 0.339347 0.0980176 0.344479
0 0.288726 0.708105 0.0638701 0.1088 0.265798
1 0.260703 0.917356 0.176385 0.0479056 0.246385
1 0.269217 0.705357 0.376798 0.0505449 0.192225
0 0.428123 0.653695 0.0302908 0.0900399 0.171285
1 0.21234 0.707626 0.252489 0.0405294 0.150432
0 0.500797 0.778497 0.0327552 0.0813546 0.138992
0 0.272293 0.732252 0.0330162 0.0587919 0.136217
