2 0.676694 0.704821 0.139297 0.169286 0.545495
4 0.501521 0.742406 0.156018 0.0746043 0.490601
4 0.734068 0.618007 0.062416 0.0349132 0.489545
0 0.880569 0.688658 0.153301 0.122088 0.471822
2 0.664171 0.832834 0.135905 0.081159 0.364124
2 0.737435 0.831113 0.293205 0.0873415 0.330589
4 0.506434 0.665599 0.104733 0.0427575 0.289136
0 0.853625 0.668629 0.105374 0.0965191 0.155435
4 0.0775893 0.713232 0.154567 0.0800025 0.154368
4 0.662947 0.834335 0.132702 0.0789822 0.141753
4 0.253059 0.797331 0.506118 0.297017 0.134505
4 0.616546 0.63916 0.0684627 0.0424808 0.130199
4 0.286356 0.681128 0.239397 0.0760293 0.130116
2 0.679004 0.749196 0.170209 0.247831 0.105461
