0 0.0545172 0.870092 0.109025 0.176225 0.687836
0 0.261105 0.854295 0.17394 0.291409 0.681558
0 0.472189 0.725829 0.0805294 0.285721 0.6053
0 0.867345 0.718691 0.265041 0.15183 0.600699
1 0.253631 0.697221 0.476918 0.0606154 0.540351
0 0.357553 0.624091 0.041764 0.0944364 0.358179
0 0.485428 0.792058 0.0493919 0.149185 0.317343
0 0.450611 0.647774 0.0415804 0.137532 0.280523
1 0.610093 0.716898 0.154457 0.0289799 0.208185
1 0.348203 0.701092 0.68849 0.0779816 0.152567
1 0.485058 0.714896 0.414587 0.0394328 0.130149
