4 0.316061 0.87705 0.100439 0.0592455 0.772871
2 0.706043 0.88412 0.373828 0.23176 0.719892
4 0.320847 0.972988 0.189592 0.05394 0.654524
4 0.386488 0.684703 0.0504364 0.0243729 0.291215
4 0.380247 0.653673 0.08901 0.0612796 0.278299
2 0.437389 0.653608 0.207597 0.0919212 0.220674
4 0.41222 0.803786 0.0334585 0.0270662 0.219645
1 0.459876 0.953784 0.191273 0.0354945 0.215115
1 0.257188 0.763995 0.243426 0.0391887 0.151141
2 0.483031 0.654044 0.124797 0.0885472 0.147256
2 0.381894 0.656612 0.0920189 0.067439 0.113176
1 0.893186 0.731885 0.100403 0.0212568 0.101509
