0 0.163588 0.923048 0.0765103 0.143443 0.871162
4 0.262646 0.774574 0.0209822 0.0248262 0.62572
1 0.378587 0.858627 0.342354 0.0384095 0.45739
0 0.42508 0.675313 0.0224371 0.0928388 0.334337
0 0.431624 0.57817 0.0125039 0.0470011 0.316669
0 0.320346 0.599465 0.0466456 0.0273749 0.253416
0 0.427827 0.649378 0.017067 0.0386803 0.227849
1 0.101909 0.863492 0.203522 0.0508417 0.198199
0 0.350614 0.60694 0.0150316 0.0261087 0.174062
0 0.389444 0.5552 0.0443427 0.0435706 0.167618
1 0.322637 0.596911 0.0520534 0.0266586 0.164417
0 0.431448 0.564118 0.0178443 0.0472151 0.154244
0 0.423094 0.696651 0.0165835 0.0481069 0.152599
0 0.348862 0.612062 0.0132592 0.0250192 0.148149
1 0.267115 0.856385 0.527824 0.0381038 0.144789
0 0.3386 0.647342 0.0141873 0.0220935 0.140078
1 0.114693 0.853711 0.176005 0.0332035 0.115013
1 0.167491 0.856884 0.326693 0.030867 0.114923
1 0.204771 0.693771 0.0949812 0.0190847 0.107017
