0 0.283436 0.870087 0.220538 0.222596 0.851851
0 0.45896 0.701514 0.037975 0.0973733 0.694796
0 0.562048 0.688046 0.0429703 0.122572 0.691774
0 0.776562 0.834699 0.0697058 0.103363 0.679492
3 0.501021 0.627656 0.079308 0.0227102 0.672988
3 0.189886 0.801866 0.379506 0.39267 0.656607
0 0.467646 0.948668 0.0476845 0.102663 0.402807
3 0.883359 0.942075 0.187476 0.115639 0.347659
0 0.947385 0.710071 0.105231 0.123741 0.285277
3 0.643523 0.606729 0.0640026 0.0847643 0.242978
0 0.948943 0.768794 0.101848 0.241983 0.136859
