0 0.461397 0.928914 0.0287512 0.136845 0.635462
0 0.365244 0.673876 0.031973 0.0936857 0.600905
1 0.395738 0.746145 0.0704416 0.0532261 0.518451
0 0.346081 0.961551 0.0317089 0.0759201 0.473845
0 0.326423 0.848659 0.034446 0.139238 0.327864
0 0.467396 0.713853 0.0332458 0.121377 0.323693
0 0.485523 0.772585 0.0712118 0.222795 0.318792
0 0.443662 0.736253 0.0108346 0.070344 0.299638
0 0.449097 0.607039 0.0191815 0.0366184 0.217188
0 0.260305 0.760492 0.0971838 0.165352 0.211729
0 0.335183 0.865095 0.0506469 0.26981 0.204925
0 0.411798 0.598262 0.0603085 0.0468232 0.197187
0 0.44425 0.604833 0.0280487 0.0502606 0.157619
0 0.439641 0.61944 0.0204321 0.0209081 0.153102
0 0.371464 0.584349 0.0245813 0.0382548 0.147849
0 0.363774 0.606147 0.0244675 0.0303007 0.13446
0 0.451952 0.883687 0.0476152 0.22651 0.122705
0 0.278506 0.729539 0.132168 0.218856 0.122572
0 0.434222 0.798856 0.0192455 0.0663927 0.119213
0 0.366539 0.593915 0.0310768 0.0545868 0.118409
