0 0.45993 0.891623 0.0282172 0.177424 0.692658
0 0.328808 0.699142 0.0463584 0.0570032 0.59558
0 0.679752 0.966055 0.0338666 0.0646236 0.52803
0 0.461011 0.969262 0.0218326 0.0575207 0.454239
0 0.363025 0.787481 0.0445024 0.181039 0.388513
0 0.355619 0.825853 0.0302879 0.108488 0.3287
0 0.378109 0.635889 0.0187327 0.0895201 0.32404
0 0.630604 0.903041 0.0664075 0.0678148 0.277156
0 0.38102 0.703931 0.0159396 0.0288076 0.20941
0 0.431008 0.653624 0.00930574 0.0317995 0.154719
0 0.380568 0.61397 0.0306179 0.129478 0.137402
0 0.368874 0.73679 0.0391494 0.0818599 0.126001
0 0.390862 0.568868 0.0158384 0.0434711 0.115979
