0 0.216527 0.849651 0.0769971 0.13587 0.823921
0 0.462107 0.737867 0.0477171 0.0879683 0.760775
0 0.467469 0.890762 0.035456 0.215203 0.712261
0 0.42777 0.911225 0.0431272 0.17299 0.638479
0 0.303782 0.696108 0.0256412 0.0431658 0.540759
0 0.514312 0.892196 0.0687939 0.208633 0.517193
0 0.409528 0.731193 0.0278776 0.100622 0.484827
1 0.288561 0.769606 0.410883 0.0509884 0.385229
0 0.421144 0.641335 0.0339284 0.114558 0.284867
0 0.400298 0.656771 0.0103865 0.0224253 0.249701
0 0.347289 0.81767 0.0112209 0.0500029 0.230394
0 0.415903 0.68155 0.0415763 0.201864 0.173351
0 0.429755 0.654849 0.0152658 0.0858015 0.124973
1 0.162586 0.766541 0.194352 0.0312603 0.111166
0 0.416395 0.616021 0.0143612 0.0579672 0.104661
0 0.483472 0.891673 0.0601322 0.213353 0.102604
