0 0.212613 0.802538 0.11186 0.193744 0.87448
0 0.462512 0.884252 0.0655095 0.225208 0.541287
0 0.445609 0.8412 0.103118 0.305357 0.455483
0 0.387862 0.769154 0.0228047 0.0303862 0.396856
1 0.246937 0.679038 0.0836654 0.0303981 0.345953
0 0.373797 0.6275 0.0128593 0.0346579 0.334253
1 0.370017 0.675148 0.0514471 0.0299192 0.31403
0 0.360199 0.727693 0.0101107 0.0376121 0.301308
0 0.343201 0.688249 0.013865 0.0424922 0.266824
0 0.391486 0.725318 0.0342032 0.0670141 0.172654
0 0.290402 0.666657 0.0141203 0.0357408 0.170291
0 0.375941 0.74606 0.0439541 0.0767175 0.160336
0 0.385284 0.760328 0.0274396 0.048486 0.130315
0 0.35085 0.581624 0.0490718 0.0492622 0.129705
0 0.346807 0.682768 0.0176072 0.0438799 0.118727
0 0.46437 0.793051 0.0197453 0.0766406 0.11133
0 0.335108 0.57112 0.0119757 0.0349577 0.109777
