0 0.180938 0.774496 0.20724 0.25775 0.81802
1 0.0969762 0.972549 0.0908992 0.0533036 0.62486
0 0.352462 0.967283 0.0170047 0.0622213 0.558609
0 0.421876 0.596916 0.0137784 0.0258718 0.340725
1 0.828768 0.886212 0.119323 0.0781989 0.323753
0 0.30899 0.633426 0.0118477 0.0237444 0.259348
0 0.528718 0.803252 0.0226296 0.0561802 0.219232
0 0.423166 0.547227 0.0188947 0.0284885 0.210842
0 0.0157659 0.815637 0.0315318 0.0449604 0.19794
1 0.0590082 0.901438 0.117805 0.0324173 0.196472
0 0.313474 0.627262 0.0192104 0.0301943 0.181665
0 0.413578 0.587866 0.0120352 0.0215485 0.178545
0 0.42768 0.54621 0.0142684 0.0283835 0.169651
0 0.943515 0.805719 0.11297 0.0776243 0.164374
0 0.0149978 0.838965 0.0298655 0.0904518 0.15963
4 0.569353 0.681443 0.0964894 0.0494785 0.159091
0 0.28543 0.616924 0.0290297 0.0178058 0.148598
0 0.41815 0.59265 0.0201403 0.0306173 0.141252
4 0.594533 0.677498 0.0380291 0.0266426 0.128995
1 0.407545 0.653556 0.142767 0.0194607 0.114707
0 0.278103 0.651907 0.0232363 0.0274522 0.108685
0 0.54476 0.836508 0.0518622 0.126724 0.104983
