0 0.488102 0.777769 0.0545373 0.196517 0.641709
0 0.446596 0.34192 0.257877 0.330496 0.46658
0 0.422445 0.425767 0.218469 0.175904 0.37944
0 0.711494 0.118987 0.0475213 0.0944912 0.294508
1 0.575368 0.909391 0.190864 0.0734307 0.251956
0 0.778724 0.356404 0.106971 0.389219 0.246637
1 0.27115 0.649124 0.251018 0.0501382 0.21021
0 0.539401 0.250684 0.0622758 0.142729 0.196459
0 0.0891829 0.559801 0.117737 0.316914 0.131228
0 0.802234 0.467371 0.0596851 0.185566 0.117986
0 0.677981 0.581262 0.180238 0.0798068 0.11596
