0 0.178419 0.928518 0.0686707 0.129179 0.751968
0 0.212929 0.930939 0.0505532 0.132063 0.721013
2 0.30657 0.667642 0.0957101 0.18228 0.547909
0 0.452517 0.944826 0.0186833 0.0985176 0.499917
0 0.586634 0.94333 0.0426644 0.103491 0.473341
0 0.413708 0.860109 0.0350606 0.25807 0.305739
1 0.31607 0.873812 0.179592 0.0460913 0.302535
0 0.229951 0.766408 0.0946118 0.133371 0.282653
2 0.125848 0.755792 0.157597 0.126332 0.229524
0 0.0992578 0.928394 0.0741793 0.126902 0.171396
0 0.495721 0.8337 0.0347915 0.122461 0.162041
0 0.440468 0.60647 0.0127325 0.0464795 0.147303
0 0.256395 0.729045 0.0426809 0.0646632 0.146011
0 0.404842 0.668643 0.0288369 0.164055 0.144157
0 0.0706457 0.763816 0.0587368 0.0476863 0.117461
0 0.345575 0.59458 0.0213484 0.0499039 0.106427
