0 0.141986 0.916141 0.140726 0.160433 0.773127
0 0.489549 0.854458 0.118342 0.28532 0.740065
0 0.498851 0.760802 0.0861427 0.108379 0.705532
0 0.234396 0.755879 0.0933513 0.137998 0.644356
0 0.413356 0.852339 0.0307848 0.293689 0.519981
0 0.264497 0.825783 0.0127339 0.0462496 0.460383
0 0.302781 0.863833 0.0380695 0.270068 0.455094
0 0.450304 0.899822 0.0268525 0.0358014 0.40352
0 0.367952 0.621473 0.0210839 0.0773101 0.257488
0 0.317614 0.696414 0.0299672 0.0652368 0.247339
2 0.408769 0.65165 0.0872724 0.151585 0.243861
0 0.314215 0.931166 0.0207007 0.134705 0.216959
0 0.526562 0.840389 0.0453493 0.0591266 0.196236
1 0.244247 0.681369 0.109098 0.0193247 0.185492
0 0.31702 0.605991 0.0159643 0.0283453 0.171346
2 0.416498 0.686139 0.0685516 0.0974142 0.156622
0 0.263215 0.623053 0.0170523 0.0218591 0.152797
0 0.347106 0.619858 0.0112855 0.0180898 0.145794
0 0.0307872 0.82056 0.0613184 0.10754 0.143119
0 0.438349 0.737619 0.0269907 0.053914 0.115197
0 0.215815 0.655534 0.0448852 0.0396832 0.104791
