0 0.540645 0.831649 0.141048 0.326507 0.785936
0 0.257961 0.88158 0.0876203 0.228188 0.573486
0 0.178942 0.865109 0.158733 0.255087 0.374168
0 0.42609 0.764586 0.0286083 0.132431 0.333172
0 0.338528 0.68875 0.0655793 0.174702 0.328045
0 0.418922 0.898132 0.0244452 0.118975 0.282556
0 0.131231 0.738593 0.12733 0.128527 0.212887
0 0.45675 0.893408 0.0297324 0.210136 0.210456
0 0.51397 0.701584 0.0436845 0.0964212 0.193958
0 0.451128 0.749316 0.0407708 0.100774 0.193575
0 0.244548 0.904858 0.0589526 0.1849 0.168081
0 0.44151 0.839466 0.0682273 0.301437 0.167211
0 0.284388 0.602416 0.0243434 0.024409 0.121858
0 0.297848 0.657495 0.0645837 0.101927 0.117444
0 0.0810877 0.788611 0.161302 0.156707 0.106293
0 0.459258 0.92938 0.0225964 0.137284 0.102485
