0 0.135687 0.849532 0.172481 0.287827 0.899661
0 0.404696 0.891813 0.0281766 0.213577 0.712592
0 0.227818 0.875873 0.0543329 0.240965 0.706554
0 0.283948 0.600459 0.0177108 0.0432696 0.594482
0 0.398374 0.693306 0.0267771 0.136233 0.509218
0 0.292791 0.877753 0.0639565 0.237775 0.491947
0 0.317233 0.682196 0.0787687 0.220472 0.486343
0 0.3093 0.78285 0.0972583 0.424914 0.35113
0 0.398888 0.610906 0.0216266 0.0680447 0.336674
0 0.240654 0.735483 0.0232864 0.0464308 0.302097
0 0.336445 0.555211 0.0167978 0.0701555 0.263112
0 0.232217 0.609605 0.0526081 0.0527152 0.246547
0 0.270486 0.669988 0.0687168 0.0851865 0.210466
0 0.259371 0.687375 0.0513854 0.0517822 0.187296
0 0.402497 0.732886 0.0162724 0.0626996 0.170635
0 0.308881 0.646563 0.0202662 0.0829918 0.116691
0 0.312041 0.630038 0.0261546 0.112369 0.114207
0 0.39554 0.65967 0.02176 0.0711587 0.107585
0 0.306171 0.656642 0.0143081 0.0603932 0.105507
