0 0.343667 0.819004 0.106908 0.360427 0.710697
0 0.704262 0.841963 0.283819 0.295409 0.651448
0 0.264391 0.66544 0.0831959 0.112795 0.576499
1 0.676431 0.694706 0.204477 0.0302779 0.568531
0 0.470816 0.63203 0.0244907 0.0557872 0.410807
1 0.316738 0.734422 0.486536 0.0653823 0.226498
0 0.103684 0.860234 0.155539 0.183165 0.224099
1 0.472381 0.71562 0.178236 0.0369718 0.214362
1 0.410446 0.720713 0.684756 0.0774715 0.199757
0 0.907487 0.696456 0.185027 0.107253 0.181577
0 0.529418 0.652506 0.0308698 0.0434136 0.124749
0 0.629634 0.748193 0.208312 0.24133 0.120511
1 0.787421 0.700042 0.422946 0.0462526 0.102956
