4 0.666958 0.677649 0.156116 0.0633734 0.606811
4 0.787248 0.798001 0.161361 0.0891994 0.54015
4 0.501448 0.743185 0.115689 0.055734 0.524325
4 0.376864 0.896292 0.169034 0.110275 0.321864
4 0.266572 0.853533 0.531944 0.281349 0.294775
4 0.799031 0.738089 0.0758976 0.0420904 0.285961
4 0.488153 0.750128 0.0779314 0.036953 0.196388
4 0.156644 0.869017 0.312334 0.257066 0.129949
4 0.417983 0.88236 0.276128 0.163925 0.129825
0 0.501592 0.880526 0.122857 0.167608 0.106829
4 0.857645 0.913325 0.0982746 0.0420891 0.106342
