3 0.783212 0.854938 0.324742 0.290124 0.59678
0 0.439542 0.591692 0.0517175 0.198741 0.533338
2 0.918345 0.867889 0.162856 0.242351 0.432574
0 0.280225 0.887133 0.374982 0.225129 0.416375
0 0.224974 0.870799 0.036801 0.0589061 0.409851
2 0.276604 0.885605 0.365882 0.223863 0.2131
2 0.243647 0.837593 0.307519 0.121244 0.189417
1 0.79751 0.662201 0.103655 0.0303998 0.185592
1 0.240515 0.830232 0.303295 0.0858072 0.177481
0 0.400369 0.941114 0.095341 0.117578 0.172712
3 0.116568 0.621889 0.0669783 0.0213021 0.154842
0 0.667842 0.67771 0.0727722 0.0301746 0.14057
0 0.587102 0.657048 0.0669872 0.0954042 0.107184
