0 0.390267 0.827779 0.214406 0.344076 0.695781
3 0.734153 0.836683 0.243362 0.314539 0.634499
0 0.544954 0.610383 0.0577178 0.1208 0.632449
0 0.869943 0.933669 0.180578 0.132329 0.61991
3 0.163131 0.784941 0.326263 0.383089 0.498788
1 0.634182 0.826862 0.165086 0.0348053 0.396988
0 0.915108 0.827315 0.16956 0.323769 0.364285
0 0.913286 0.754319 0.173428 0.180224 0.187773
0 0.740235 0.662165 0.109923 0.076424 0.169236
0 0.463163 0.606147 0.0274867 0.0544422 0.130919
0 0.75698 0.672003 0.0754102 0.0576431 0.118923
