0 0.0556242 0.91726 0.110797 0.159885 0.73568
0 0.350858 0.954814 0.0303431 0.087758 0.621106
0 0.218363 0.972231 0.0494936 0.0490336 0.574602
0 0.378215 0.678215 0.0238694 0.0584123 0.492085
0 0.292824 0.806388 0.020565 0.0685309 0.410798
0 0.346259 0.768159 0.0236357 0.139074 0.36107
0 0.284035 0.563872 0.0254961 0.0383357 0.316753
0 0.0239321 0.792438 0.0477882 0.0891825 0.258072
0 0.361486 0.738183 0.0532617 0.195906 0.226371
2 0.191106 0.640295 0.112691 0.0958434 0.22614
0 0.320737 0.566406 0.016224 0.0390222 0.200794
0 0.0365566 0.733445 0.0411985 0.0367799 0.189815
0 0.242423 0.899244 0.104669 0.121 0.180464
0 0.563906 0.914396 0.0772694 0.158399 0.180176
0 0.0231721 0.828725 0.0461858 0.157055 0.172011
0 0.0801149 0.707121 0.12201 0.0853358 0.14381
0 0.369888 0.615247 0.0159855 0.0630262 0.141584
2 0.362804 0.600857 0.0421949 0.0994567 0.119131
0 0.0600162 0.719832 0.0854182 0.0574664 0.108673
