3 0.83006 0.254719 0.332901 0.173107 0.924571
2 0.788702 0.658364 0.265615 0.218526 0.902923
1 0.682084 0.522928 0.508459 0.0755892 0.825767
0 0.38761 0.173707 0.109869 0.0919265 0.823485
1 0.571967 0.240794 0.248242 0.0475309 0.73827
4 0.894639 0.585951 0.0485706 0.0717504 0.738004
0 0.930091 0.473247 0.0627155 0.162394 0.730253
4 0.880037 0.357641 0.0340304 0.0390648 0.723902
4 0.68562 0.643382 0.0343816 0.0625361 0.689494
1 0.206684 0.582089 0.387158 0.0429254 0.673774
0 0.3299 0.0853203 0.0283069 0.0738763 0.609666
0 0.427326 0.615194 0.0254556 0.150128 0.582594
1 0.950885 0.38781 0.0982304 0.0226708 0.422796
0 0.627224 0.118977 0.0168529 0.0525979 0.348241
1 0.931391 0.792791 0.137218 0.061882 0.15668
