3 0.471784 0.467704 0.398261 0.27893 0.969865
0 0.462976 0.651682 0.0739051 0.179691 0.900683
0 0.463382 0.802526 0.077236 0.121572 0.8819
0 0.471814 0.296048 0.0187532 0.0626973 0.798342
1 0.740775 0.403745 0.129308 0.0323607 0.590471
0 0.523485 0.803237 0.0334896 0.393525 0.518125
1 0.137529 0.469448 0.274944 0.0443576 0.431646
0 0.694697 0.16794 0.0887602 0.0472251 0.17369
1 0.136918 0.487978 0.273062 0.0821565 0.168797
0 0.538029 0.801693 0.0618982 0.396494 0.165934
0 0.682254 0.190378 0.105443 0.0947677 0.12235
