0 0.294155 0.942566 0.0179282 0.109933 0.531469
0 0.429618 0.888849 0.0530786 0.219146 0.508444
0 0.302221 0.802105 0.105198 0.282342 0.499147
0 0.270456 0.880985 0.0435784 0.105756 0.450438
0 0.425192 0.815743 0.0679277 0.360245 0.356154
0 0.122599 0.742074 0.237271 0.196572 0.26278
0 0.0692765 0.793012 0.13826 0.116286 0.189971
0 0.168618 0.704655 0.154247 0.133436 0.176135
0 0.286523 0.831985 0.0761619 0.207226 0.137232
0 0.327899 0.730264 0.053434 0.147097 0.109543
0 0.308511 0.711384 0.0209909 0.0498788 0.10514
