3 0.91563 0.66172 0.110889 0.0370531 0.717687
2 0.520942 0.694786 0.143714 0.180321 0.654223
2 0.578694 0.922807 0.190958 0.154386 0.497994
2 0.236861 0.668776 0.232027 0.213599 0.494823
2 0.104438 0.897534 0.208876 0.2023 0.388439
2 0.895128 0.835508 0.209743 0.316947 0.333426
2 0.171678 0.78701 0.33034 0.401552 0.217124
4 0.312544 0.609277 0.0588854 0.0313357 0.199591
2 0.250735 0.695354 0.163265 0.15944 0.144576
4 0.535038 0.714428 0.054506 0.0375818 0.139038
2 0.133362 0.851259 0.168282 0.0893843 0.11296
