4 0.404747 0.7008 0.0826597 0.0469413 0.644584
4 0.479085 0.670549 0.0848882 0.0374645 0.624864
4 0.464584 0.624056 0.0535927 0.0325667 0.614249
4 0.533056 0.57901 0.0442367 0.0257456 0.574719
4 0.623993 0.772324 0.245381 0.160404 0.356064
2 0.382861 0.715755 0.743305 0.320203 0.307395
4 0.455008 0.537937 0.0648459 0.0285239 0.254195
4 0.574069 0.619817 0.0721925 0.0514167 0.235064
2 0.575744 0.620552 0.0721228 0.05173 0.176323
2 0.468022 0.74092 0.577118 0.227622 0.13409
4 0.495662 0.606061 0.0300118 0.0227194 0.120083
