0 0.382205 0.790386 0.0496783 0.0637027 0.448642
0 0.0748586 0.797414 0.149717 0.140693 0.252749
1 0.381724 0.789397 0.0504635 0.0619669 0.22928
0 0.0981455 0.910633 0.124884 0.163444 0.211943
0 0.304301 0.649916 0.0571733 0.116111 0.202107
0 0.349888 0.747894 0.0501068 0.173934 0.193949
2 0.372169 0.740985 0.101359 0.171641 0.153522
0 0.339311 0.791589 0.027386 0.0908991 0.146058
0 0.329398 0.590084 0.0130278 0.0443978 0.128136
0 0.210589 0.679097 0.0764783 0.0608706 0.12337
0 0.39355 0.655273 0.0135372 0.0369963 0.123185
0 0.0375076 0.835737 0.0747508 0.101095 0.111265
0 0.36263 0.622323 0.0287418 0.070419 0.108776
1 0.396871 0.719009 0.0561598 0.0506425 0.10494
0 0.418215 0.735303 0.0285951 0.042424 0.103146
0 0.297173 0.669285 0.0428058 0.0732825 0.10263
2 0.370644 0.614638 0.0490946 0.0913162 0.100632
