0 0.107078 0.943671 0.0948045 0.0995604 0.668164
1 0.376751 0.875474 0.0763759 0.0485126 0.453879
0 0.335278 0.799243 0.0410138 0.115038 0.445126
0 0.400078 0.811969 0.0338797 0.0876999 0.412678
0 0.305571 0.958794 0.0440211 0.0676985 0.375845
0 0.225257 0.723508 0.0823264 0.100938 0.369456
1 0.376598 0.919616 0.124684 0.0455435 0.256535
1 0.364835 0.934082 0.150998 0.0681186 0.223246
2 0.350546 0.595202 0.0473904 0.0555487 0.220959
0 0.0991166 0.877638 0.0698329 0.0705904 0.202793
0 0.135408 0.842467 0.111173 0.097051 0.202182
1 0.47078 0.851761 0.120673 0.0232843 0.125623
0 0.245994 0.63342 0.0473583 0.0522199 0.115925
0 0.432515 0.884218 0.0212868 0.0544212 0.10911
1 0.252932 0.869289 0.135301 0.0336382 0.108989
0 0.17071 0.819051 0.0417553 0.051729 0.106117
