0 0.677881 0.789854 0.0271171 0.0742763 0.704226
0 0.526686 0.872462 0.0610954 0.253579 0.642274
1 0.09485 0.908139 0.189694 0.0347693 0.56359
1 0.506596 0.731442 0.278758 0.0398148 0.562081
0 0.30165 0.829397 0.21554 0.340204 0.523314
0 0.486417 0.656672 0.0443641 0.123245 0.4226
1 0.603234 0.736848 0.476138 0.0519781 0.281088
0 0.358747 0.715938 0.108855 0.10622 0.251625
0 0.347269 0.826616 0.0793985 0.0420923 0.141796
0 0.969604 0.840872 0.0446005 0.0617008 0.13494
0 0.797179 0.879447 0.0235268 0.063035 0.113589
1 0.347193 0.827045 0.0859075 0.0437104 0.109691
