0 0.0958931 0.867938 0.191412 0.242268 0.755975
0 0.252054 0.786559 0.134694 0.2554 0.754476
0 0.35711 0.785143 0.0348843 0.0700274 0.65126
0 0.379077 0.868411 0.0299384 0.109861 0.584705
0 0.15762 0.964611 0.0352506 0.0675395 0.582925
0 0.463879 0.693754 0.0612419 0.094076 0.304134
0 0.411943 0.96449 0.022017 0.0668534 0.297453
0 0.426601 0.746674 0.0448969 0.168209 0.262745
1 0.090905 0.947537 0.173938 0.0510902 0.256998
1 0.235297 0.943415 0.470594 0.0478123 0.223251
0 0.485375 0.814932 0.130426 0.356475 0.220616
0 0.383541 0.597786 0.0331786 0.0681137 0.218953
0 0.515185 0.916755 0.0600921 0.155823 0.177967
0 0.479247 0.960117 0.0230811 0.0462714 0.177222
0 0.415223 0.730468 0.0632054 0.201153 0.173829
0 0.341739 0.618519 0.0233794 0.0346207 0.166984
1 0.291402 0.931763 0.514414 0.0345287 0.154542
0 0.211756 0.867506 0.0740107 0.123582 0.152715
2 0.461059 0.812207 0.207573 0.357646 0.147445
0 0.377379 0.607111 0.0206799 0.0488436 0.143491
0 0.280676 0.731991 0.0799364 0.144071 0.133369
0 0.255743 0.675453 0.0316406 0.0414314 0.122356
1 0.31735 0.645759 0.116123 0.0508077 0.119002
0 0.265975 0.668207 0.0525336 0.0484963 0.108025
0 0.253773 0.684279 0.0284501 0.0308967 0.104784
1 0.325548 0.640963 0.123162 0.0308146 0.10257
