1 0.273183 0.886676 0.538365 0.122461 0.631263
1 0.285564 0.748412 0.216847 0.0468827 0.536824
0 0.397336 0.767018 0.021191 0.145758 0.5021
0 0.310999 0.658285 0.0396942 0.0709801 0.487422
0 0.251622 0.651306 0.102286 0.118319 0.454411
0 0.234246 0.666109 0.0674975 0.110661 0.352706
1 0.415015 0.850173 0.179141 0.0354772 0.333722
0 0.399436 0.804541 0.0166311 0.0630202 0.185028
0 0.40123 0.884112 0.0154281 0.047856 0.160923
0 0.701425 0.83064 0.0502091 0.0573079 0.119379
1 0.298733 0.721857 0.171072 0.0310256 0.119075
0 0.223064 0.681373 0.0450286 0.0803585 0.106181
0 0.297322 0.642719 0.0137288 0.0300235 0.101831
