3 0.256073 0.362616 0.511008 0.444388 0.619887
1 0.574888 0.549778 0.357488 0.0539773 0.550905
1 0.54008 0.715682 0.410777 0.0732013 0.403224
1 0.177112 0.584045 0.354223 0.0785678 0.381595
1 0.553841 0.382587 0.234831 0.0419485 0.263746
0 0.89523 0.353104 0.209473 0.303451 0.194823
0 0.898862 0.493073 0.201647 0.565956 0.147175
2 0.534212 0.5135 0.558465 0.483263 0.139907
1 0.581514 0.440325 0.227999 0.0733166 0.126183
2 0.614762 0.40972 0.367272 0.262581 0.120134
3 0.714628 0.0959255 0.3245 0.044719 0.107954
