3 0.902717 0.2712 0.0892578 0.0237984 0.662473
1 0.294569 0.595857 0.123123 0.0348772 0.631461
1 0.62021 0.331581 0.431041 0.043787 0.488881
1 0.857129 0.451001 0.285538 0.0517039 0.429691
1 0.776335 0.451766 0.13311 0.040487 0.352518
3 0.914779 0.710217 0.170442 0.503929 0.32138
3 0.217596 0.381301 0.434943 0.396895 0.232595
3 0.654065 0.248177 0.0698307 0.0810987 0.219869
3 0.774529 0.235518 0.158443 0.0760305 0.16599
3 0.732505 0.240164 0.256847 0.0934583 0.110005
1 0.926736 0.457281 0.145953 0.0436429 0.108843
