0 0.281786 0.827527 0.0580616 0.0922127 0.838803
0 0.123812 0.944574 0.0660107 0.106974 0.683824
0 0.277894 0.932806 0.0166191 0.128897 0.61659
0 0.352539 0.609375 0.0171774 0.0663377 0.615259
0 0.323555 0.705078 0.0372217 0.111658 0.583065
1 0.395543 0.75258 0.18481 0.0432819 0.339063
0 0.311184 0.742733 0.0131304 0.0400155 0.289707
0 0.0571051 0.797776 0.112282 0.116615 0.239631
0 0.318449 0.654586 0.034832 0.0328078 0.204477
0 0.325364 0.650735 0.0259146 0.0313934 0.20108
0 0.0192472 0.830074 0.0384943 0.0596955 0.127204
0 0.0694775 0.775657 0.0879566 0.0807932 0.120728
0 0.326854 0.678203 0.0296333 0.0575426 0.109264
1 0.201805 0.709419 0.0620812 0.0177221 0.102593
