0 0.243768 0.926698 0.123827 0.135297 0.789097
0 0.0985264 0.74081 0.0559666 0.0448798 0.462893
0 0.206059 0.649698 0.0420302 0.0411695 0.41908
1 0.433515 0.855222 0.253893 0.0353267 0.379049
1 0.153395 0.870122 0.306618 0.059796 0.370494
0 0.0204474 0.813346 0.0408949 0.067989 0.324291
0 0.421952 0.972505 0.0205215 0.047658 0.285286
1 0.400661 0.728509 0.161746 0.0170734 0.241872
0 0.430045 0.77444 0.0110075 0.0584401 0.2352
0 0.410452 0.716 0.00918969 0.028619 0.216224
0 0.408009 0.579726 0.0123132 0.0228552 0.162816
0 0.309706 0.794477 0.0237203 0.118995 0.149511
0 0.420534 0.741087 0.0279778 0.132354 0.137848
1 0.301617 0.856206 0.520427 0.0400421 0.128389
0 0.214622 0.642498 0.0576421 0.0556746 0.120744
