0 0.504744 0.771054 0.0193819 0.0617553 0.751321
0 0.471632 0.954198 0.0222715 0.0878706 0.638152
0 0.420856 0.705114 0.0216656 0.0810093 0.52849
0 0.427838 0.799255 0.0128085 0.0660977 0.445773
0 0.194542 0.885511 0.0505589 0.0875372 0.345634
0 0.427382 0.903694 0.0130657 0.0327401 0.335075
0 0.448781 0.760514 0.0135115 0.0290127 0.3002
0 0.24532 0.655084 0.0410745 0.0515379 0.261977
0 0.179625 0.911646 0.0207138 0.0334015 0.252299
0 0.411134 0.619301 0.0115415 0.0419058 0.250926
0 0.212545 0.860133 0.0149473 0.0386633 0.23815
0 0.0526181 0.85205 0.105236 0.196452 0.209382
0 0.410692 0.606054 0.0129097 0.0694362 0.207007
0 0.411417 0.580399 0.0112376 0.0399669 0.205394
0 0.359641 0.748234 0.0161584 0.0243469 0.182757
2 0.186177 0.686366 0.142556 0.121898 0.175422
0 0.292594 0.585152 0.0707663 0.0632621 0.170491
0 0.425617 0.816867 0.0121496 0.060162 0.169898
0 0.412144 0.571292 0.0105558 0.0288082 0.161973
0 0.412541 0.542704 0.0109587 0.0281841 0.147474
0 0.226536 0.667747 0.0824592 0.0802639 0.125302
0 0.216337 0.644079 0.0620203 0.0530669 0.125035
0 0.352246 0.55906 0.0144207 0.0215777 0.123325
0 0.389017 0.577892 0.00929721 0.0195699 0.119595
0 0.303247 0.576761 0.0502887 0.0481681 0.11315
0 0.0215191 0.825119 0.0430176 0.0690585 0.109621
