0 0.0678386 0.932302 0.0880875 0.126681 0.830428
0 0.41797 0.728723 0.0291257 0.102262 0.808441
0 0.393374 0.923924 0.037337 0.149022 0.800321
0 0.366258 0.682653 0.0355093 0.189673 0.47723
0 0.350748 0.827508 0.0160421 0.100548 0.471006
1 0.181583 0.769836 0.335023 0.0287678 0.264968
1 0.431734 0.785615 0.159247 0.0214915 0.184773
1 0.397564 0.782267 0.219809 0.0202832 0.141771
0 0.370878 0.588519 0.0251986 0.0478682 0.137352
1 0.257704 0.773377 0.498029 0.0276824 0.133565
0 0.37283 0.607802 0.0262958 0.0540625 0.101954
