0 0.356882 0.737744 0.0913164 0.199596 0.828741
1 0.234376 0.885241 0.467901 0.204516 0.698317
0 0.543529 0.896249 0.0756256 0.203568 0.643665
0 0.294248 0.93547 0.0453025 0.12614 0.601321
0 0.114084 0.829511 0.228169 0.224384 0.600539
0 0.503124 0.929145 0.032056 0.137362 0.546388
0 0.431231 0.710494 0.0227398 0.0897857 0.544779
0 0.42659 0.862418 0.0222465 0.0468368 0.498447
0 0.30015 0.700001 0.114881 0.178491 0.471991
0 0.260008 0.654837 0.140051 0.13317 0.462206
0 0.462684 0.713363 0.0534543 0.165154 0.408134
0 0.471169 0.736551 0.0289721 0.111373 0.313712
0 0.350304 0.628068 0.0537605 0.0718427 0.20631
0 0.181822 0.779224 0.107672 0.0815912 0.20201
0 0.409245 0.608315 0.0279064 0.0618196 0.188179
1 0.201745 0.82051 0.160215 0.0438963 0.166981
0 0.398149 0.58437 0.0115987 0.0275801 0.165476
0 0.410423 0.617922 0.0211836 0.0437457 0.163765
1 0.139008 0.927351 0.278017 0.127577 0.156306
0 0.369464 0.615638 0.0167514 0.0506814 0.153321
0 0.145912 0.756027 0.089374 0.101514 0.14512
0 0.420693 0.676956 0.01033 0.0251838 0.144625
0 0.292425 0.827141 0.017059 0.0554836 0.134106
0 0.43875 0.654165 0.0173287 0.0406729 0.121317
0 0.0375382 0.823009 0.0750764 0.0793176 0.108605
0 0.485807 0.826464 0.017763 0.0277185 0.108534
1 0.340321 0.837547 0.205378 0.0754276 0.104182
