1 0.73199 0.793796 0.220871 0.0455945 0.681052
1 0.597651 0.589955 0.156567 0.0241746 0.451926
1 0.66405 0.694524 0.177061 0.0318457 0.40262
2 0.753501 0.750119 0.491062 0.499762 0.391397
1 0.740313 0.652708 0.139276 0.0295442 0.373103
1 0.805816 0.921293 0.228154 0.0436397 0.268301
1 0.546389 0.549005 0.0933448 0.0187018 0.176329
1 0.595384 0.625808 0.114629 0.0222345 0.157799
1 0.212513 0.675859 0.235372 0.0438385 0.154474
1 0.959771 0.863368 0.0802782 0.0335678 0.113191
0 0.914057 0.786784 0.171597 0.135891 0.107862
