0 0.742802 0.791265 0.343331 0.381831 0.639981
1 0.867708 0.744398 0.262521 0.0375268 0.53526
0 0.23317 0.873413 0.180784 0.252201 0.5009
0 0.648498 0.926263 0.0693955 0.147473 0.459561
1 0.633289 0.83768 0.575969 0.0702207 0.332021
0 0.311953 0.806743 0.323 0.381699 0.268099
0 0.84725 0.910964 0.128257 0.16781 0.184764
2 0.403143 0.695945 0.139411 0.167773 0.149938
0 0.407158 0.696088 0.1205 0.171117 0.143914
2 0.345639 0.698046 0.255029 0.172494 0.123408
1 0.303476 0.743323 0.245164 0.0351095 0.110664
