0 0.50042 0.891346 0.0421796 0.208688 0.434376
0 0.428143 0.949278 0.0351205 0.096834 0.389288
0 0.431798 0.930955 0.0495189 0.132462 0.200366
0 0.167994 0.753683 0.0611235 0.0686378 0.199276
0 0.295188 0.603514 0.0314887 0.0306074 0.192703
0 0.385984 0.626298 0.014214 0.026532 0.169174
0 0.453415 0.642811 0.0220251 0.114872 0.168241
0 0.301223 0.59775 0.0427376 0.0405421 0.137541
0 0.422974 0.558534 0.0212015 0.0273781 0.137465
0 0.409289 0.604867 0.0225537 0.0280345 0.134142
0 0.385442 0.579467 0.0874274 0.0730528 0.133073
0 0.182971 0.735681 0.0791751 0.0869038 0.12611
0 0.451627 0.664398 0.0166974 0.0637387 0.119679
0 0.309021 0.705476 0.0523631 0.0520115 0.113751
0 0.438671 0.591684 0.0259361 0.029718 0.109912
0 0.355335 0.603523 0.0381417 0.0414149 0.107921
