0 0.359088 0.872356 0.0997567 0.230435 0.748878
0 0.562154 0.870831 0.0437599 0.11015 0.502888
0 0.454541 0.893212 0.0949223 0.201144 0.458164
0 0.45066 0.718072 0.0337505 0.133344 0.322325
0 0.426009 0.561764 0.016864 0.0497912 0.301819
0 0.419122 0.61683 0.0206804 0.057481 0.299245
0 0.37552 0.726434 0.0376281 0.135048 0.281861
0 0.424899 0.865438 0.0378349 0.264064 0.184713
1 0.317445 0.641839 0.175531 0.0225683 0.168573
0 0.341658 0.605379 0.0178808 0.0336102 0.159637
0 0.42937 0.806053 0.0308092 0.217563 0.153137
0 0.373197 0.752208 0.0331659 0.0879055 0.136791
