0 0.50385 0.862272 0.117342 0.265737 0.752481
0 0.145614 0.930209 0.0881547 0.137412 0.701267
0 0.307077 0.843073 0.141127 0.30729 0.606353
1 0.175728 0.796245 0.33885 0.137239 0.53961
0 0.472186 0.933132 0.0356216 0.125109 0.471168
0 0.412886 0.853395 0.0274068 0.107039 0.449013
0 0.301157 0.615682 0.0484293 0.0382257 0.346131
0 0.466187 0.711473 0.023245 0.0382175 0.238769
1 0.370464 0.80541 0.0983694 0.0322556 0.23038
0 0.389258 0.58429 0.0517271 0.0395846 0.230337
0 0.194114 0.712926 0.112515 0.105839 0.193136
0 0.171742 0.801605 0.340032 0.130239 0.165297
0 0.277839 0.899761 0.0828107 0.200478 0.151794
1 0.241607 0.757557 0.217415 0.0627527 0.149215
1 0.297798 0.683464 0.165527 0.0217466 0.131243
0 0.235208 0.672622 0.169835 0.148527 0.128248
0 0.373617 0.638405 0.0242511 0.0827132 0.12548
0 0.212133 0.696325 0.103377 0.114 0.115935
0 0.412018 0.623086 0.0205338 0.0735269 0.115535
