0 0.240179 0.788449 0.156901 0.286444 0.886084
0 0.215562 0.680095 0.124113 0.112778 0.77115
0 0.356924 0.587881 0.0141756 0.0177272 0.386588
0 0.409177 0.575926 0.00856847 0.0211044 0.271106
0 0.32028 0.579946 0.0319831 0.0340353 0.167497
1 0.38529 0.565469 0.043884 0.0185134 0.150735
0 0.303562 0.588704 0.069046 0.0498981 0.143848
0 0.392427 0.648387 0.0139275 0.0319367 0.125652
0 0.340652 0.60323 0.0119779 0.0203458 0.119288
0 0.294631 0.599427 0.0477753 0.0337511 0.115244
0 0.270794 0.596927 0.0153338 0.0202959 0.112445
