0 0.116609 0.546198 0.108235 0.129291 0.564076
1 0.364828 0.402761 0.347824 0.049784 0.537402
1 0.570936 0.622078 0.382749 0.0907784 0.459683
0 0.773945 0.531793 0.442219 0.572004 0.447799
0 0.30025 0.223 0.110752 0.204502 0.44471
0 0.316795 0.193774 0.0740978 0.152254 0.337594
1 0.213455 0.333072 0.17644 0.0321116 0.208111
1 0.317331 0.490355 0.218764 0.0425989 0.176448
1 0.351858 0.761218 0.116552 0.0455567 0.160601
0 0.678151 0.42629 0.249292 0.36796 0.159879
1 0.301876 0.403855 0.23048 0.0415584 0.142511
0 0.588522 0.292119 0.0530627 0.0997539 0.126283
0 0.528429 0.162642 0.0727092 0.11223 0.120677
1 0.302318 0.486929 0.152804 0.0318644 0.114141
