1 0.653131 0.588445 0.163165 0.0336304 0.648225
2 0.244765 0.761845 0.219944 0.293713 0.597076
1 0.402002 0.682802 0.143827 0.0325763 0.408218
1 0.697752 0.828563 0.145611 0.0371378 0.407335
1 0.875061 0.664541 0.220306 0.0456602 0.337217
1 0.512171 0.739996 0.158265 0.0435453 0.327536
0 0.638005 0.852331 0.107284 0.212328 0.261706
1 0.577473 0.534723 0.118156 0.0252225 0.147366
1 0.0607939 0.892189 0.121208 0.0412229 0.140275
0 0.457138 0.485758 0.0350802 0.0646255 0.122948
1 0.655349 0.634458 0.161499 0.0287698 0.101043
